k 1737 100
0
8
14
16
17
28
32
34
38
39
40
44
48
50
53
56
62
65
75
77
86
97
98
102
113
114
120
128
134
138
164
165
179
181
186
191
192
195
199
211
215
217
225
231
243
244
255
257
259
262
271
274
279
282
289
292
296
300
302
306
316
319
320
323
324
325
327
344
345
357
365
368
386
388
389
391
392
393
394
397
400
401
407
408
411
423
426
429
430
435
437
444
446
459
461
462
463
465
467
469
470
471
473
476
482
483
487
492
493
502
503
505
506
507
508
509
512
517
519
520
530
531
535
536
537
540
549
558
559
563
571
573
577
578
579
583
604
610
611
612
620
622
628
629
632
634
639
640
646
653
656
658
662
675
687
690
693
695
700
702
709
710
711
712
714
716
719
720
729
736
737
743
746
748
751
758
770
771
773
774
777
778
779
783
787
788
789
790
797
798
800
801
808
809
818
825
827
834
838
839
840
844
847
848
849
852
855
857
863
867
869
871
872
875
878
879
888
891
896
899
904
905
906
910
912
914
917
922
928
929
930
936
938
940
952
953
956
957
958
960
977
978
980
984
986
987
990
996
998
999
1000
1009
1010
1016
1020
1024
1025
1027
1028
1029
1032
1034
1036
1042
1049
1059
1060
1064
1068
1069
1071
1074
1083
1088
1091
1098
1099
1100
1104
1112
1115
1121
1131
1137
1150
1152
1153
1159
1160
1165
1171
1174
1177
1178
1179
1187
1188
1189
1190
1196
1197
1208
1209
1219
1224
1228
1229
1230
1233
1234
1235
1236
1238
1240
1261
1262
1267
1269
1271
1273
1274
1276
1284
1295
1298
1300
1306
1307
1308
1310
1311
1314
1334
1337
1349
1354
1366
1368
1369
1373
1374
1377
1380
1381
1382
1383
1384
1386
1393
1397
1400
1401
1406
1408
1425
1426
1428
1430
1433
1436
1438
1439
1453
1457
1463
1464
1465
1466
1468
1471
1474
1478
1479
1484
1490
1499
1501
1509
1512
1515
1516
1517
1520
1523
1524
1526
1527
1530
1531
1532
1538
1542
1543
1549
1552
1555
1556
1567
1574
1582
1585
1589
1591
1601
1602
1603
1604
1613
1624
1625
1631
1632
1633
1637
1643
1648
1662
1664
1668
1674
1677
1682
1683
1686
1692
1702
1703
1712
1714
1719
1723
1725
1732
1735
1737
1738
1740
1743
1745
1747
1748
1752
1753
1754
1756
1760
1763
1766
1784
1786
1792
1798
1801
1806
1812
1813
1814
1815
1818
1824
1826
1837
1839
1841
1842
1847
1848
1854
1860
1868
1870
1873
1876
1877
1881
1882
1887
1891
1892
1899
1901
1907
1910
1912
1915
1916
1918
1919
1932
1938
1943
1944
1945
1946
1948
1949
1951
1953
1954
1958
1962
1963
1965
1967
1971
1977
1983
1985
1986
1987
1989
1990
1991
1992
1993
1994
1999
2000
2009
2010
2011
2016
2022
2027
2031
2034
2035
2037
2038
2040
2041
2042
2043
2047
2051
2053
2054
2059
2065
2070
2074
2075
2076
2077
2083
2087
2088
2092
2097
2100
2104
2105
2106
2107
2109
2110
2112
2115
2116
2118
2129
2131
2132
2134
2136
2137
2140
2141
2142
2143
2151
2152
2154
2157
2160
2167
2169
2172
2177
2180
2181
2182
2184
2185
2186
2187
2196
2197
2201
2204
2208
2210
2213
2214
2219
2220
2221
2223
2227
2233
2234
2238
2241
2242
2244
2245
2247
2248
2249
2256
2259
2260
2263
2268
2270
2271
2276
2278
2284
2285
2291
2294
2300
2302
2314
2331
2335
2340
2348
2353
2355
2358
2361
2365
2366
2370
2374
2376
2378
2380
2385
2386
2387
2388
2395
2396
2398
2404
2407
2409
2411
2414
2415
2425
2432
2433
2439
2443
2445
2449
2451
2453
2459
2461
2462
2470
2471
2478
2479
2484
2485
2494
2500
2504
2507
2508
2510
2513
2518
2521
2524
2525
2533
2537
2540
2543
2544
2546
2555
2556
2557
2560
2567
2569
2571
2574
2575
2576
2580
2585
2590
2593
2602
2615
2618
2620
2621
2622
2625
2629
2633
2645
2650
2656
2664
2666
2668
2676
2682
2684
2686
2688
2689
2696
2698
2702
2703
2709
2711
2716
2720
2725
2732
2737
2742
2743
2746
2749
2751
2752
2754
2755
2756
2757
2758
2760
2768
2769
2771
2772
2774
2775
2777
2778
2787
2788
2789
2792
2795
2800
2802
2810
2814
2815
2820
2821
2828
2832
2834
2839
2844
2851
2852
2861
2866
2869
2883
2884
2887
2889
2898
2904
2906
2908
2911
2912
2913
2923
2925
2932
2935
2936
2944
2948
2949
2950
2951
2953
2956
2966
2969
2971
2972
2977
2982
2986
2989
2990
2996
3001
3009
3010
3012
3015
3027
3030
3031
3035
3036
3042
3043
3045
3049
3052
3056
3058
3061
3065
3068
3077
3087
3101
3112
3118
3119
3122
3124
3126
3130
3134
3138
3141
3142
3143
3145
3148
3150
3153
3154
3157
3159
3161
3163
3168
3174
3180
3196
3204
3210
3211
3224
3226
3229
3235
3251
3258
3277
3280
3283
3288
3297
3308
3311
3316
3324
3334
3352
3358
3359
3363
3373
3380
3385
3393
3400
3410
3421
3422
3425
3428
3429
3457
3472
3476
3479
3484
3492
3502
3517
3529
3540
3543
3548
3554
3560
3566
3569
3570
3578
3585
3587
3588
3591
3595
3597
3598
3609
3623
3624
3629
3630
3632
3633
3642
3647
3653
3662
3671
3676
3679
3695
3697
3698
3708
3711
3719
3723
3731
3732
3739
3740
3742
3753
3757
3765
3775
3778
3781
3782
3784
3793
3799
3805
3808
3810
3813
3814
3821
3823
3824
3826
3828
3830
3831
3832
3838
3840
3848
3854
3864
3869
3872
3874
3880
3889
3895
3897
3899
3902
3904
3905
3906
3910
3914
3915
3918
3932
3936
3938
3949
3952
3954
3955
3958
3959
3960
3970
3978
3982
3986
3991
3992
3994
3996
4004
4008
4011
4012
4023
4028
4037
4052
4055
4057
4062
4064
4066
4069
4071
4073
4074
4078
4079
4087
4090
4091
4092
4098
4103
4108
4109
4116
4118
4123
4145
4153
4155
4156
4158
4174
4186
4190
4196
4197
4199
4206
4207
4211
4215
4218
4219
4223
4224
4227
4228
4230
4234
4238
4240
4244
4247
4248
4250
4254
4257
4258
4260
4270
4272
4273
4275
4286
4288
4289
4294
4306
4310
4312
4313
4314
4317
4318
4331
4334
4342
4346
4351
4352
4353
4356
4358
4371
4376
4382
4388
4390
4400
4405
4419
4423
4429
4442
4450
4453
4454
4457
4462
4466
4468
4469
4493
4497
4500
4502
4504
4505
4513
4514
4515
4516
4518
4519
4520
4537
4541
4545
4546
4548
4553
4554
4555
4556
4557
4560
4564
4571
4576
4588
4589
4590
4596
4599
4604
4610
4616
4619
4620
4621
4628
4629
4647
4649
4653
4657
4659
4668
4669
4672
4674
4675
4676
4689
4695
4714
4715
4717
4720
4729
4732
4738
4740
4741
4745
4748
4750
4755
4768
4772
4779
4780
4784
4790
4804
4808
4809
4810
4816
4819
4821
4824
4825
4838
4839
4840
4844
4845
4850
4856
4859
4863
4864
4870
4875
4886
4887
4888
4890
4892
4893
4899
4901
4904
4905
4907
4911
4916
4919
4923
4924
4927
4929
4936
4937
4945
4947
4948
4950
4956
4963
4964
4965
4967
4968
4971
4975
4978
4980
4982
4986
4993
4995
4998
4999
5001
5010
5011
5012
5013
5020
5022
5024
5034
5036
5037
5041
5042
5043
5048
5054
5056
5058
5068
5069
5071
5078
5082
5084
5086
5087
5088
5089
5094
5096
5097
5098
5099
5100
5102
5104
5106
5108
5109
5113
5114
5116
5119
5120
5121
5122
5123
5124
5126
5132
5133
5135
5136
5141
5144
5148
5149
5151
5153
5156
5157
5161
5162
5163
5164
5165
5167
5170
5173
5176
5177
5182
5185
5194
5195
5196
5197
5199
5200
5201
5202
5204
5205
5206
5210
5211
5213
5214
5220
5222
5227
5229
5233
5234
5237
5238
5241
5243
5244
5245
5247
5248
5260
5270
5272
5273
5278
5281
5282
5283
5293
5296
5304
5309
5310
5319
5320
5321
5323
5325
5327
5329
5330
5335
5336
5339
5342
5343
5347
5355
5358
5361
5362
5363
5365
5367
5368
5373
5374
5375
5377
5378
5379
5381
5383
5384
5392
5398
5399
5402
5403
5408
5413
5414
5415
5416
5422
5426
5428
5429
5430
5435
5439
5444
5445
5449
5452
5453
5457
5458
5459
5460
5461
5464
5466
5468
5471
5473
5481
5483
5485
5487
5488
5489
5490
5492
5493
5496
5497
5501
5503
5505
5512
5513
5515
5517
5519
5524
5531
5538
5554
5559
5560
5563
5564
5566
5567
5570
5575
5578
5579
5580
5581
5582
5583
5584
5585
5587
5588
5590
5592
5593
5596
5599
5603
5605
5606
5611
5619
5620
5622
5623
5624
5626
5628
5630
5631
5636
5639
5642
5644
5645
5647
5651
5653
5654
5655
5658
5666
5667
5673
5676
5689
5690
5694
5695
5697
5700
5702
5703
5704
5707
5708
5709
5711
5721
5722
5725
5727
5728
5729
5739
5740
5743
5744
5746
5748
5749
5750
5752
5753
5757
5762
5763
5764
5765
5768
5770
5773
5774
5776
5778
5789
5792
5799
5801
5804
5805
5806
5807
5808
5809
5810
5811
5813
5815
5816
5817
5822
5831
5833
5836
5845
5846
5850
5853
5854
5855
5857
5860
5866
5869
5871
5883
5885
5888
5890
5894
5895
5896
5907
5908
5909
5910
5911
5912
5913
5914
5916
5917
5918
5930
5931
5932
5937
5938
5939
5940
5941
5943
5945
5947
5950
5955
5961
5962
5963
5964
5965
5970
5973
5976
5995
5997
6003
6005
6009
6011
6014
6017
6021
6023
6026
6032
6036
6039
6041
6052
6053
6056
6057
6061
6063
6067
6068
6069
6070
6080
6084
6094
6095
6097
6101
6104
6105
6106
6112
6116
6120
6123
6125
6131
6136
6139
6140
6141
6143
6149
6150
6152
6153
6157
6159
6160
6162
6163
6166
6168
6169
6170
6174
6175
6179
6180
6182
6187
6188
6189
6193
6196
6197
6198
6199
6202
6203
6208
6209
6211
6213
6214
6215
6219
6220
6230
6232
6238
6240
6243
6244
6245
6246
6249
6252
6253
6254
6255
6256
6258
6263
6266
6268
6270
6273
6282
6287
6297
6298
6314
6321
6322
6323
6327
6328
6335
6341
6342
6344
6345
6346
6349
6356
6359
6362
6366
6367
6373
6374
6377
6380
6387
6388
6390
6394
6396
k 462 100
0
15
18
31
36
42
46
55
63
64
66
84
89
93
96
100
111
126
127
144
154
155
203
212
242
264
265
277
291
293
298
312
328
336
342
349
355
363
414
415
436
466
481
582
588
594
625
750
757
772
810
814
815
830
854
877
886
887
890
893
894
937
939
942
951
962
1004
1021
1026
1031
1038
1044
1047
1057
1094
1107
1111
1116
1151
1156
1191
1194
1199
1202
1231
1302
1331
1348
1360
1364
1390
1396
1431
1476
1480
1500
1564
1593
1618
1641
1646
1665
1666
1667
1681
1695
1696
1697
1711
1715
1716
1720
1736
1751
1767
1785
1789
1794
1831
1834
1858
1861
1867
1872
1874
1875
1883
1894
1906
1917
1942
1952
2006
2008
2014
2045
2046
2055
2056
2066
2119
2147
2158
2176
2188
2193
2198
2203
2207
2211
2236
2237
2240
2258
2269
2275
2286
2290
2312
2342
2344
2347
2350
2360
2371
2384
2389
2394
2406
2408
2412
2413
2418
2437
2448
2450
2467
2473
2477
2495
2496
2506
2511
2517
2541
2545
2551
2552
2591
2607
2613
2616
2632
2636
2638
2644
2646
2714
2740
2747
2763
2785
2823
2830
2838
2857
2875
2897
2917
2919
2926
2928
2931
2934
2946
2958
2980
2987
3004
3006
3014
3033
3054
3059
3064
3066
3075
3079
3108
3111
3129
3162
3164
3175
3197
3212
3267
3273
3278
3291
3292
3310
3313
3331
3346
3364
3365
3377
3415
3467
3477
3478
3515
3545
3555
3600
3621
3631
3639
3683
3689
3701
3705
3710
3755
3758
3811
3834
3853
3882
3950
3995
4030
4040
4045
4050
4101
4104
4105
4138
4157
4160
4176
4185
4203
4212
4243
4293
4303
4319
4333
4337
4339
4340
4341
4344
4355
4357
4373
4381
4385
4397
4409
4414
4415
4436
4461
4534
4535
4566
4575
4579
4625
4631
4644
4650
4670
4679
4737
4756
4788
4826
4860
4868
4872
4873
4878
4889
4903
4908
4915
4931
4934
4938
4954
4962
4976
4979
5000
5014
5015
5016
5025
5031
5052
5063
5066
5077
5083
5085
5092
5125
5129
5139
5140
5154
5155
5166
5198
5216
5217
5235
5236
5246
5264
5268
5274
5295
5297
5298
5317
5318
5337
5354
5376
5380
5386
5389
5407
5409
5417
5421
5431
5434
5436
5454
5463
5484
5495
5537
5541
5543
5544
5589
5595
5607
5609
5638
5649
5656
5672
5693
5696
5705
5714
5720
5726
5735
5756
5759
5760
5785
5827
5838
5839
5840
5848
5851
5861
5864
5872
5884
5902
5919
5924
5929
5935
5942
5951
5953
5956
5957
5969
5978
6000
6012
6022
6035
6072
6089
6090
6103
6113
6115
6118
6134
6145
6148
6154
6165
6172
6204
6217
6260
6281
6286
6307
6337
6340
6348
6371
6386
k 936 100
0
4
24
29
49
57
70
78
85
88
92
95
110
116
125
133
135
136
139
143
145
146
158
166
167
168
170
174
176
178
182
184
185
188
189
190
197
198
213
251
253
256
267
272
273
276
290
294
295
303
305
307
308
309
311
314
329
330
331
333
334
335
337
338
340
343
346
348
353
354
356
358
359
364
371
372
373
379
384
390
418
422
425
427
432
434
438
440
442
455
488
489
490
491
498
499
500
501
516
525
526
533
534
542
543
544
546
547
548
550
551
552
553
554
555
556
557
564
567
568
569
572
574
576
589
590
593
603
607
608
609
613
617
627
631
636
637
643
655
663
664
670
671
672
704
715
721
725
734
744
749
754
755
759
760
761
762
763
764
765
767
776
780
781
785
786
792
793
794
802
813
828
829
832
850
853
856
858
860
861
864
866
868
874
880
881
897
902
903
911
913
918
927
935
955
967
976
1011
1012
1023
1033
1039
1041
1045
1051
1054
1062
1080
1085
1096
1108
1119
1124
1127
1130
1134
1135
1136
1138
1140
1144
1149
1154
1163
1166
1168
1175
1176
1192
1207
1210
1215
1223
1244
1253
1259
1260
1268
1283
1289
1290
1297
1309
1313
1315
1317
1318
1319
1320
1322
1323
1328
1332
1340
1341
1347
1353
1356
1367
1395
1399
1402
1410
1414
1419
1423
1427
1429
1432
1434
1444
1447
1448
1455
1459
1462
1489
1503
1505
1510
1511
1546
1553
1575
1577
1587
1605
1606
1615
1630
1634
1635
1645
1655
1672
1676
1685
1721
1726
1727
1746
1761
1769
1776
1778
1781
1805
1816
1817
1889
1921
1923
1924
1926
1929
1930
1934
1936
1937
1940
1973
1974
2012
2013
2025
2033
2048
2084
2089
2101
2103
2108
2117
2123
2124
2125
2126
2150
2153
2155
2156
2161
2170
2178
2189
2194
2224
2230
2231
2252
2253
2254
2262
2272
2277
2279
2289
2293
2295
2306
2309
2324
2326
2327
2329
2336
2343
2346
2359
2363
2367
2368
2369
2373
2379
2381
2383
2405
2428
2438
2442
2447
2452
2455
2458
2460
2463
2466
2468
2469
2481
2491
2492
2502
2509
2526
2534
2549
2564
2583
2584
2597
2601
2608
2610
2623
2627
2634
2641
2647
2655
2661
2681
2683
2691
2693
2697
2707
2718
2721
2722
2723
2728
2729
2735
2736
2741
2750
2753
2761
2765
2767
2782
2797
2798
2811
2824
2842
2847
2855
2858
2863
2867
2874
2903
2909
2915
2918
2922
2933
2940
2954
2964
2991
2998
3019
3021
3026
3029
3032
3034
3037
3039
3050
3055
3060
3072
3105
3132
3152
3176
3177
3185
3188
3205
3206
3214
3215
3227
3234
3246
3254
3257
3259
3260
3263
3264
3265
3270
3276
3279
3284
3285
3290
3293
3294
3295
3296
3301
3303
3304
3317
3325
3330
3335
3336
3337
3343
3344
3347
3348
3350
3354
3362
3366
3368
3370
3371
3372
3374
3376
3378
3381
3382
3384
3387
3388
3389
3390
3396
3397
3399
3401
3402
3403
3406
3407
3413
3414
3416
3437
3445
3455
3459
3464
3465
3469
3473
3475
3480
3483
3485
3489
3491
3494
3495
3496
3497
3498
3500
3501
3503
3504
3506
3512
3514
3519
3520
3521
3522
3528
3532
3533
3535
3537
3539
3544
3546
3547
3549
3550
3551
3556
3558
3559
3565
3568
3581
3589
3592
3604
3613
3615
3622
3626
3627
3635
3638
3645
3646
3649
3652
3656
3663
3664
3666
3670
3673
3674
3675
3680
3682
3685
3686
3687
3688
3690
3691
3692
3696
3703
3704
3709
3717
3718
3736
3743
3744
3747
3748
3750
3751
3752
3754
3756
3759
3764
3769
3772
3774
3777
3783
3787
3795
3806
3807
3815
3816
3825
3829
3833
3836
3844
3845
3852
3857
3858
3860
3861
3863
3867
3870
3884
3887
3890
3896
3901
3903
3907
3916
3919
3923
3929
3930
3931
3933
3939
3942
3948
3951
3956
3957
3961
3965
3966
3967
3968
3972
3976
3980
3997
3998
4014
4016
4029
4031
4049
4051
4053
4061
4080
4089
4093
4095
4117
4121
4122
4127
4128
4130
4131
4133
4137
4141
4154
4163
4169
4193
4213
4239
4252
4255
4261
4263
4269
4278
4300
4302
4307
4323
4335
4338
4343
4345
4347
4359
4368
4370
4375
4377
4389
4393
4411
4432
4435
4439
4440
4445
4447
4463
4470
4473
4490
4491
4494
4499
4503
4508
4526
4544
4550
4552
4561
4565
4567
4568
4570
4582
4593
4597
4618
4627
4645
4655
4661
4663
4664
4701
4706
4719
4739
4751
4760
4796
4797
4805
4806
4814
4831
4836
4848
4852
4865
4869
4871
4894
4895
4896
4906
4925
4926
4942
4946
4953
4961
4972
4973
4974
4977
4988
4989
5002
5004
5030
5047
5053
5055
5072
5075
5093
5103
5107
5115
5117
5118
5128
5137
5145
5178
5179
5190
5203
5212
5215
5223
5224
5225
5230
5232
5242
5249
5254
5255
5259
5265
5279
5280
5285
5287
5288
5289
5291
5292
5305
5308
5312
5326
5352
5364
5372
5394
5405
5440
5443
5450
5455
5462
5467
5479
5499
5500
5507
5518
5546
5553
5556
5562
5591
5608
5613
5629
5640
5648
5650
5664
5678
5679
5698
5712
5718
5732
5736
5745
5769
5820
5844
5849
5877
5920
5944
5967
5986
5989
6004
6024
6046
6075
6098
6108
6126
6167
6176
6191
6192
6195
6201
6206
6207
6231
6236
6241
6275
6284
6292
6295
6301
6318
6319
6338
6339
6350
6355
6382
6385
6389
6391
