15
18
31
36
42
46
55
63
64
66
84
89
93
96
100
111
126
127
144
154
155
203
212
242
264
265
277
291
293
298
312
328
336
342
349
355
363
414
415
436
466
481
582
588
594
625
750
757
772
810
814
815
830
854
877
886
887
890
893
894
937
939
942
951
962
1004
1021
1026
1031
1038
1044
1047
1057
1094
1107
1111
1116
1151
1156
1191
1194
1199
1202
1231
1302
1331
1348
1360
1364
1390
1396
1431
1476
1480
1500
1564
1593
1618
1641
1646
1665
1666
1667
1681
1695
1696
1697
1711
1715
1716
1720
1736
1751
1767
1785
1789
1794
1831
1834
1858
1861
1867
1872
1874
1875
1883
1894
1906
1917
1942
1952
2006
2008
2014
2045
2046
2055
2056
2066
2119
2147
2158
2176
2188
2193
2198
2203
2207
2211
2236
2237
2240
2258
2269
2275
2286
2290
2312
2342
2344
2347
2350
2360
2371
2384
2389
2394
2406
2408
2412
2413
2418
2437
2448
2450
2467
2473
2477
2495
2496
2506
2511
2517
2541
2545
2551
2552
2591
2607
2613
2616
2632
2636
2638
2644
2646
2714
2740
2747
2763
2785
2823
2830
2838
2857
2875
2897
2917
2919
2926
2928
2931
2934
2946
2958
2980
2987
3004
3006
3014
3033
3054
3059
3064
3066
3075
3079
3108
3111
3129
3162
3164
3175
3197
3212
3267
3273
3278
3291
3292
3310
3313
3331
3346
3364
3365
3377
3415
3467
3477
3478
3515
3545
3555
3600
3621
3631
3639
3683
3689
3701
3705
3710
3755
3758
3811
3834
3853
3882
3950
3995
4030
4040
4045
4050
4101
4104
4105
4138
4157
4160
4176
4185
4203
4212
4243
4293
4303
4319
4333
4337
4339
4340
4341
4344
4355
4357
4373
4381
4385
4397
4409
4414
4415
4436
4461
4534
4535
4566
4575
4579
4625
4631
4644
4650
4670
4679
4737
4756
4788
4826
4860
4868
4872
4873
4878
4889
4903
4908
4915
4931
4934
4938
4954
4962
4976
4979
5000
5014
5015
5016
5025
5031
5052
5063
5066
5077
5083
5085
5092
5125
5129
5139
5140
5154
5155
5166
5198
5216
5217
5235
5236
5246
5264
5268
5274
5295
5297
5298
5317
5318
5337
5354
5376
5380
5386
5389
5407
5409
5417
5421
5431
5434
5436
5454
5463
5484
5495
5537
5541
5543
5544
5589
5595
5607
5609
5638
5649
5656
5672
5693
5696
5705
5714
5720
5726
5735
5756
5759
5760
5785
5827
5838
5839
5840
5848
5851
5861
5864
5872
5884
5902
5919
5924
5929
5935
5942
5951
5953
5956
5957
5969
5978
6000
6012
6022
6035
6072
6089
6090
6103
6113
6115
6118
6134
6145
6148
6154
6165
6172
6204
6217
6260
6281
6286
6307
6337
6340
6348
6371
6386