4
24
29
49
57
70
78
85
88
92
95
110
116
125
133
135
136
139
143
145
146
158
166
167
168
170
174
176
178
182
184
185
188
189
190
197
198
213
251
253
256
267
272
273
276
290
294
295
303
305
307
308
309
311
314
329
330
331
333
334
335
337
338
340
343
346
348
353
354
356
358
359
364
371
372
373
379
384
390
418
422
425
427
432
434
438
440
442
455
488
489
490
491
498
499
500
501
516
525
526
533
534
542
543
544
546
547
548
550
551
552
553
554
555
556
557
564
567
568
569
572
574
576
589
590
593
603
607
608
609
613
617
627
631
636
637
643
655
663
664
670
671
672
704
715
721
725
734
744
749
754
755
759
760
761
762
763
764
765
767
776
780
781
785
786
792
793
794
802
813
828
829
832
850
853
856
858
860
861
864
866
868
874
880
881
897
902
903
911
913
918
927
935
955
967
976
1011
1012
1023
1033
1039
1041
1045
1051
1054
1062
1080
1085
1096
1108
1119
1124
1127
1130
1134
1135
1136
1138
1140
1144
1149
1154
1163
1166
1168
1175
1176
1192
1207
1210
1215
1223
1244
1253
1259
1260
1268
1283
1289
1290
1297
1309
1313
1315
1317
1318
1319
1320
1322
1323
1328
1332
1340
1341
1347
1353
1356
1367
1395
1399
1402
1410
1414
1419
1423
1427
1429
1432
1434
1444
1447
1448
1455
1459
1462
1489
1503
1505
1510
1511
1546
1553
1575
1577
1587
1605
1606
1615
1630
1634
1635
1645
1655
1672
1676
1685
1721
1726
1727
1746
1761
1769
1776
1778
1781
1805
1816
1817
1889
1921
1923
1924
1926
1929
1930
1934
1936
1937
1940
1973
1974
2012
2013
2025
2033
2048
2084
2089
2101
2103
2108
2117
2123
2124
2125
2126
2150
2153
2155
2156
2161
2170
2178
2189
2194
2224
2230
2231
2252
2253
2254
2262
2272
2277
2279
2289
2293
2295
2306
2309
2324
2326
2327
2329
2336
2343
2346
2359
2363
2367
2368
2369
2373
2379
2381
2383
2405
2428
2438
2442
2447
2452
2455
2458
2460
2463
2466
2468
2469
2481
2491
2492
2502
2509
2526
2534
2549
2564
2583
2584
2597
2601
2608
2610
2623
2627
2634
2641
2647
2655
2661
2681
2683
2691
2693
2697
2707
2718
2721
2722
2723
2728
2729
2735
2736
2741
2750
2753
2761
2765
2767
2782
2797
2798
2811
2824
2842
2847
2855
2858
2863
2867
2874
2903
2909
2915
2918
2922
2933
2940
2954
2964
2991
2998
3019
3021
3026
3029
3032
3034
3037
3039
3050
3055
3060
3072
3105
3132
3152
3176
3177
3185
3188
3205
3206
3214
3215
3227
3234
3246
3254
3257
3259
3260
3263
3264
3265
3270
3276
3279
3284
3285
3290
3293
3294
3295
3296
3301
3303
3304
3317
3325
3330
3335
3336
3337
3343
3344
3347
3348
3350
3354
3362
3366
3368
3370
3371
3372
3374
3376
3378
3381
3382
3384
3387
3388
3389
3390
3396
3397
3399
3401
3402
3403
3406
3407
3413
3414
3416
3437
3445
3455
3459
3464
3465
3469
3473
3475
3480
3483
3485
3489
3491
3494
3495
3496
3497
3498
3500
3501
3503
3504
3506
3512
3514
3519
3520
3521
3522
3528
3532
3533
3535
3537
3539
3544
3546
3547
3549
3550
3551
3556
3558
3559
3565
3568
3581
3589
3592
3604
3613
3615
3622
3626
3627
3635
3638
3645
3646
3649
3652
3656
3663
3664
3666
3670
3673
3674
3675
3680
3682
3685
3686
3687
3688
3690
3691
3692
3696
3703
3704
3709
3717
3718
3736
3743
3744
3747
3748
3750
3751
3752
3754
3756
3759
3764
3769
3772
3774
3777
3783
3787
3795
3806
3807
3815
3816
3825
3829
3833
3836
3844
3845
3852
3857
3858
3860
3861
3863
3867
3870
3884
3887
3890
3896
3901
3903
3907
3916
3919
3923
3929
3930
3931
3933
3939
3942
3948
3951
3956
3957
3961
3965
3966
3967
3968
3972
3976
3980
3997
3998
4014
4016
4029
4031
4049
4051
4053
4061
4080
4089
4093
4095
4117
4121
4122
4127
4128
4130
4131
4133
4137
4141
4154
4163
4169
4193
4213
4239
4252
4255
4261
4263
4269
4278
4300
4302
4307
4323
4335
4338
4343
4345
4347
4359
4368
4370
4375
4377
4389
4393
4411
4432
4435
4439
4440
4445
4447
4463
4470
4473
4490
4491
4494
4499
4503
4508
4526
4544
4550
4552
4561
4565
4567
4568
4570
4582
4593
4597
4618
4627
4645
4655
4661
4663
4664
4701
4706
4719
4739
4751
4760
4796
4797
4805
4806
4814
4831
4836
4848
4852
4865
4869
4871
4894
4895
4896
4906
4925
4926
4942
4946
4953
4961
4972
4973
4974
4977
4988
4989
5002
5004
5030
5047
5053
5055
5072
5075
5093
5103
5107
5115
5117
5118
5128
5137
5145
5178
5179
5190
5203
5212
5215
5223
5224
5225
5230
5232
5242
5249
5254
5255
5259
5265
5279
5280
5285
5287
5288
5289
5291
5292
5305
5308
5312
5326
5352
5364
5372
5394
5405
5440
5443
5450
5455
5462
5467
5479
5499
5500
5507
5518
5546
5553
5556
5562
5591
5608
5613
5629
5640
5648
5650
5664
5678
5679
5698
5712
5718
5732
5736
5745
5769
5820
5844
5849
5877
5920
5944
5967
5986
5989
6004
6024
6046
6075
6098
6108
6126
6167
6176
6191
6192
6195
6201
6206
6207
6231
6236
6241
6275
6284
6292
6295
6301
6318
6319
6338
6339
6350
6355
6382
6385
6389
6391